25 0 0
0 1 2 3 4 5 6 7 8 9 10 11 12 13 14 15 16 17 18 19 20 21 22 23 24 25
1415
5311
7077
5569
7051
3155
4941
3662
9103
4956
9665
3230
6327
6345
7934
2633
7756
185
1889
5412
8652
5487
9357
1239
5627
698
7621
6851
37
5726
8771
469
9464
2692
7584
8145
6977
2842
4749
5709
2602
48
9792
5760
3543
4928
7318
577
142
1148
3378
601
6821
7910
2151
1170
4501
3369
6459
7981
1282
2524
2919
3317
9124
4519
2527
5105
3471
1554
1911
4979
7071
7171
8064
2159
8646
3045
2745
1933
2288
8990
6654
3024
107
4931
8266
1686
2924
1002
9830
4446
4821
549
4437
1745
4682
8006
314
8287
69
1770
2833
4256
9742
8727
9136
362
8357
7072
4736
2957
3894
6589
4147
8040
7205
6537
3854
6767
7801
9380
6844
5378
5968
9751
4162
2688
2039
5217
6266
9072
811
6160
9096
4088
2630
9880
3034
2538
9837
8085
3533
9657
4286
5909
5818
6553
4886
6060
999
5838
381
3786
3272
456
5586
4660
65
9679
2566
1595
9908
2780
8500
4067
6892
4565
9031
947
5203
8274
1242
9225
5394
2376
1216
8972
7471
4732
1883
7846
731
633
5262
8679
3719
9448
5364
5306
791
7590
6293
4991
7216
2437
871
5175
6325
8604
7089
6723
7526
8335
516
6947
158
8572
5541
8626
4516
6903
4060
2374
5309
1190
8897
7154
9116
6678
8344
5527
3718
3736
7710
440
4161
3188
754
5135
4122
7607
9669
1561
7807
3927
2218
2828
1967
6716
9041
4470
7657
7924
7751
2632
6508
4163
2180
6679
6904
4479
2759
9754
5458
2782
908
2517
7586
991
2352
3690
9025
968
7567
7750
4730
1314
4688
2844
3264
621
6900
6871
7287
9737
5357
2099
6869
1899
6458
6863
2025
5002
7671
7167
722
9504
3754
9686
9916
5112
5398
4331
7835
7673
9763
3403
4961
6527
652
4504
4600
5547
9928
1569
1740
2621
8505
3674
7773
80
3600
5348
5022
39
3334
5049
7772
1642
9823
5018
2840
5128
3829
9362
3210
3956
8280
9822
8496
5034
2093
1386
200
9393
896
6005
4852
1066
7029
1089
4840
7733
5514
1756
6997
5849
2701
7556
2802
2980
2983
9623
8481
6429
8619
1784
6519
8049
4045
2515
6354
8384
889
2825
3057
2758
8113
5630
9205
1284
6117
7010
3451
7876
5143
6812
5431
9382
4685
9631
831
7023
7299
3315
5147
5080
7374
5212
1220
926
2003
1267
8511
3286
6439
3246
2371
5084
8615
2662
5450
2068
6944
5237
3800
8658
1795
7642
6387
2414
2499
2540
7277
2999
2057
7515
8358
3242
4782
6757
9399
2096
7031
5240
4659
1099
7226
1760
9682
8847
6950
6621
4455
6488
465
2233
471
6337
1076
2583
9489
4033
7480
8975
9077
773
9734
778
8053
1152
4538
9900
5077
6816
452
8433
9700
3616
4587
8918
3784
4670
700
5661
1344
3201
3411
998
3078
7058
9162
804
1704
4246
1868
5248
6358
8884
6417
6550
5785
1000
3164
5767
4356
8213
4276
2097
1738
4322
2166
9295
6765
9127
537
2917
2115
8007
1058
9417
6595
6616
6298
3670
9637
407
6628
1279
6332
4750
6309
4267
5089
6432
5503
4799
191
2149
3986
8678
3103
9236
6802
2756
9019
4476
3116
7658
6388
1287
8682
9414
3826
8889
3112
9008
7602
8849
5150
5743
9067
8515
2823
673
8977
5519
5322
6501
8546
7059
2747
8494
1758
2084
6518
4620
6444
3105
8983
6624
7827
7826
7720
1232
3487
7543
6942
5492
8792
2714
3973
1836
501
6390
9306
6408
6368
5502
9816
7706
822
9057
8381
6323
993
6446
4269
7049
214
9640
7202
5385
9297
9847
8962
6105
1163
1299
1224
1624
4421
7035
1555
7118
3445
5814
5781
7854
1026
1818
245
2480
7742
9451
2050
5676
6175
2309
166
948
2205
2231
6011
9684
7250
3234
2221
2486
2601
5474
3002
40
7591
8740
8942
9266
5998
7562
704
5021
2707
157
9052
4004
9237
4974
5686
1825
2338
3834
5102
1521
6853
4675
3853
3983
506
9165
6760
8164
3426
8456
8437
745
9490
134
415
1073
114
8997
335
1874
60
1419
806
7395
8880
2962
252
6759
9459
9251
8556
6948
4783
9995
2294
7214
7668
7453
110
9540
2680
8611
7619
5895
9487
5584
5297
5573
9575
4016
683
4643
9370
4399
7570
8839
4969
247
5087
1696
3269
7197
969
6045
4193
6210
5466
8984
2153
9613
1575
1223
2434
3861
4524
7745
6151
2349
2290
7716
5141
2614
95
373
1706
8773
2435
2083
7652
663
4459
3865
1708
2494
3903
9947
7082
5316
3505
4135
3774
2752
2673
2353
6608
9635
8201
5321
450
8526
2012
6806
4022
5436
4385
9843
1666
4657
4876
2120
4933
2976
1116
4849
3669
8244
1083
4439
7969
9933
1653
5524
8158
9809
9298
1523
1349
398
8
2280
9572
5452
7904
2090
3004
5763
9833
9400
3801
5317
8803
6139
7686
665
1465
3646
709
1211
6482
3905
2571
8896
8931
2386
6738
9158
1036
4622
669
3006
9973
6861
2219
5111
1982
9693
2315
4312
1690
3842
7183
9512
5694
2767
3951
2685
4232
310
5921
8068
9262
8923
1766
5015
9872
3994
3231
8941
2077
4400
4260
1359
8008
2023
6330
6797
1382
6741
8216
8585
7900
9608
6314
3126
9811
9529
5439
380
823
2888
7971
542
5764
5712
8069
9769
5549
1847
8189
129
5282
4418
9930
9929
8414
7694
1961
892
873
5386
2699
6594
1499
7039
3788
6881
1737
6355
2942
9117
4993
7305
5191
4939
8367
7437
9752
8867
138
2690
1850
5115
6798
8859
5188
1271
5889
6556
7638
928
5572
4215
5847
241
872
2733
6731
737
5963
5379
851
2543
2127
7223
1707
6058
7700
2991
6657
4229
6913
7789
4909
6419
7651
7973
2989
7913
3922
7138
8714
5380
4545
8241
6468
8753
833
3807
3767
1779
1456
5956
5280
4570
3777
8041
8171
8945
5489
4271
3700
4789
6157
3925
5403
5011
172
7155
6450
8308
9477
8523
7672
7364
8914
8205
4404
7549
5765
4262
1372
7026
6260
3328
8819
3043
5368
5291
4890
2370
4017
6686
3764
3310
9190
8268
2061
883
1199
8705
3651
9648
3875
7774
9198
1336
8848
6469
6306
8758
9875
3449
7341
6712
9446
6937
5599
9075
8843
3081
5133
3756
2620
7133
1092
3100
6308
1504
3732
596
4868
6606
9946
5581
2549
8294
1304
2671
4563
7186
6919
9256
9894
2324
9629
5846
4425
9965
8559
6920
184
1433
6690
7635
4808
6701
5350
7255
2176
7137
9987
5442
8413
4832
84
7738
7877
1326
5822
4591
592
4357
8525
438
2768
726
159
3541
4559
4920
1198
329
8386
7193
6577
3988
3033
47
8662
9772
476
6410
2334
5654
5680
7749
1669
9586
9728
9211
485
261
4990
7636
9492
1762
5488
7196
9217
3953
573
6674
331
9726
5113
6170
4742
9600
9625
4191
7092
1398
4296
7333
1635
3982
3362
4447
7328
2510
8061
9590
387
759
6162
739
9485
9015
2047
5402
8304
6171
513
321
7178
459
4546
3949
3132
2777
9404
3486
8938
9649
4362
7963
6936
6208
6604
9870
2177
4133
9898
1158
9061
4776
961
4374
7449
246
2380
2058
2335
1658
3090
9765
4810
9555
2395
6370
1215
5523
4614
3336
3497
5352
7757
3576
9990
6371
1604
1856
1252
8760
5623
495
1881
7282
1375
3932
1946
4770
2667
9942
914
4826
5605
4650
2015
3296
1941
752
7169
839
6682
1266
8993
7929
7646
789
7136
4773
102
1664
416
7207
2824
9286
4445
7893
8569
3554
5082
286
3469
5016
4709
2832
9029
936
1514
9021
2366
6794
4865
8248
3321
7157
6452
2834
2261
5885
1800
4218
909
2988
4116
6213
3885
2863
4422
7524
9001
5062
5772
4250
4714
1930
6365
1105
2346
9301
8352
7256
1297
9825
2044
1560
7215
9776
9851
5566
1209
5589
3434
8258
8483
4781
7149
1388
2430
3256
3744
6147
5981
4724
332
1512
4590
2167
2623
6215
787
3324
2076
5658
7253
5969
162
6935
3479
1730
576
3965
473
2074
8629
3340
7243
154
5183
9108
9580
4984
4047
6995
5418
4152
1208
1320
9789
4522
6507
7952
5738
6533
351
6173
7486
7790
4254
4870
4527
9085
1501
510
9293
7462
2462
9337
281
5384
6539
4318
1780
1128
4784
8037
5990
9794
5560
942
681
2596
6389
3742
4431
262
8617
1935
5827
5766
1732
9826
8222
1285
9958
9569
4308
9960
5939
2065
8440
758
7291
5214
984
1837
4378
9318
1743
2658
9381
2357
1956
2507
1684
9289
7411
6470
7696
58
3882
3738
2201
4793
7678
1528
9730
5759
1809
1769
4474
5440
9468
8717
7061
3196
7605
9227
2969
4887
972
15
1357
8618
8406
5159
2932
4171
502
8446
8890
2088
441
7491
8995
2522
695
5606
7647
1775
1120
3940
9993
3796
8162
7234
6782
9935
7817
5809
8718
4351
6573
975
5705
5999
3733
1411
4550
8133
9710
7663
6339
964
7246
4812
4801
1483
609
525
54
2080
9709
2498
5576
7156
16
699
838
2588
2710
9533
1376
2234
3298
9741
9319
7050
9805
526
560
3506
8644
3625
4363
4409
5263
2067
8509
6025
8823
8088
8332
3708
2987
4167
5737
5762
6600
6804
7078
8099
7498
866
2791
8905
8449
4973
8648
5501
6839
1860
5124
9659
5176
3613
1455
642
4189
3649
8812
8788
3254
322
9885
7919
9144
7850
5266
6475
7494
9528
3793
7555
4451
4912
4292
2656
9416
6685
1235
4790
749
7262
7936
6300
8738
3084
8451
572
8633
4196
8391
7664
3379
658
4301
8952
3302
7517
7856
6898
6651
3088
7938
8593
5886
3745
6072
4341
8787
1480
1965
7920
7654
7415
3870
100
9139
8402
336
3519
3368
1469
4601
6510
14
4371
56
4344
5869
7125
6048
706
5899
4663
3123
3819
5962
3593
3560
5485
7578
6030
2811
8780
8873
3734
7821
4619
397
1968
2363
9977
3412
2286
7785
9070
2328
257
1583
1346
971
5707
3618
8835
2378
7999
6637
1230
5472
9089
1454
4175
8797
2529
1566
1593
4554
1716
1814
3691
180
9335
4326
690
9409
435
2554
2598
6071
9914
6049
9101
8132
3962
7708
5912
7597
5071
2192
8978
2893
8540
4707
82
6369
4935
9647
8118
3967
5542
1753
8276
827
4323
1214
3877
3713
7141
7056
1122
6599
7624
1698
9798
8060
5721
3152
3477
1634
2143
5204
7579
9053
1991
9064
5341
7939
5672
977
7409
1197
4599
8311
7047
735
7122
6385
5946
9661
6697
6222
4766
8874
8680
6253
7164
1361
8024
7238
6978
4627
1403
2617
1029
181
3763
6017
4556
8723
8955
880
9866
9371
1201
4824
1902
1663
2009
3277
9223
6362
550
3995
3346
19
7326
9727
3290
3042
2820
1503
2900
3911
6164
8697
9138
9762
1896
324
5307
5507
8704
7457
5753
1424
8818
6509
9887
1203
4106
258
5048
171
2193
3570
9065
7669
3295
9945
9685
5554
5512
7610
3208
8746
3960
7915
2920
7007
6905
7006
2741
3810
3624
7778
8672
8645
9260
3436
3293
1777
2799
6435
4302
4691
915
8284
1619
7208
9137
1645
861
7485
3202
2589
3067
4181
504
1714
8453
9027
1294
5146
9036
9164
5373
3480
3025
8929
9330
5653
8255
2026
4949
5936
2137
2117
8660
925
509
5277
9658
9120
5643
2340
7014
6340
5490
4579
1677
9499
2839
6866
1845
1976
4395
5872
7705
9249
7195
6962
2289
2478
6611
182
4158
1848
1541
8768
2119
9982
6662
4649
784
292
7099
3291
338
6715
5537
9087
1652
6207
1186
4690
4530
3999
7240
2256
9294
9924
9801
1305
3808
4300
2615
5603
3460
437
4477
8190
6125
2428
5041
8968
8875
3564
4848
944
1241
8689
3540
1955
2210
2018
5370
4259
6413
7879
1277
2545
4495
1301
9688
2639
6042
7004
1767
6411
1995
8813
6386
5884
1742
976
5595
3841
7352
8157
9563
3626
9028
4602
3023
5270
5233
8185
2303
8422
9562
6823
4483
4006
8748
4678
5745
760
3780
1337
4026
1844
2092
1464
8655
2051
6003
6107
9488
2450
7803
3622
3511
5902
7660
5476
3824
8850
7233
9550
5626
1319
3955
3216
6485
7944
9204
9889
7100
6405
4184
7976
7677
1608
6381
6456
6118
6634
5169
6773
4159
3595
2054
2927
2222
1365
4638
8991
2010
9189
4914
4105
7112
1484
1842
8834
9992
3696
1371
4980
6932
6740
1829
1798
5620
8816
3765
7259
9322
6394
5491
5770
7231
149
5161
5722
3013
3137
6994
8095
916
9828
3688
8026
3728
1694
4037
4216
2100
9712
2228
3758
7489
1650
2262
5042
7357
6311
2594
1872
802
4950
8077
1096
7914
8191
5229
4041
1396
1866
8324
6099
3848
8096
3612
4094
6462
9568
8767
3527
7523
4188
2461
2249
9193
9472
9939
622
7310
5415
6819
462
3641
5940
8103
7851
3921
4299
7724
3893
8878
6822
7766
1585
8781
2487
4586
2444
1112
6747
315
7895
9530
7492
2310
8654
7611
406
4265
6224
1983
1875
5013
9922
9355
845
5261
9907
4498
4835
3419
8596
4646
8692
7370
9245
3241
6174
5449
4683
5154
6251
1884
8579
2189
352
299
7153
3301
6931
4761
1919
8744
1729
1638
2724
5748
4343
391
7024
5725
2049
6784
1434
7390
7228
5984
2836
1807
4797
1426
1422
7063
5715
5911
3284
1791
2134
6275
8969
8557
250
1228
470
9582
3156
7419
3798
828
7814
6346
5967
6304
7381
8507
8046
3428
6067
7168
6750
2190
8999
7126
3220
2544
8673
9542
9638
7192
1598
9694
3605
7715
7400
276
63
3585
2590
3521
3380
8863
5411
7812
8949
3153
3035
1921
1444
7304
761
5457
753
1250
6620
9515
7343
448
6016
9595
6574
1717
9140
6271
937
4137
6486
3779
555
6586
3961
4249
626
588
2463
3450
9259
4295
8937
6062
17
9090
4850
9547
8420
6359
1174
5199
92
128
6520
7648
8811
1370
7295
9348
7933
5053
5497
3699
3551
4297
1345
798
1649
5703
2033
3590
1797
8664
5640
401
3134
5209
3668
9214
8275
1259
3514
8762
9593
1602
7224
7158
1373
5550
1317
4040
1539
9672
6012
9601
8462
9431
3658
4796
6792
4375
5224
9670
8568
5976
1407
4837
624
9817
8734
1109
4485
4200
3467
2847
3636
3014
4068
8253
6762
177
7074
236
5896
8521
9773
3000
9514
7830
4839
2592
7495
6555
5556
8129
9620
9985
76
687
6696
9050
814
4594
512
580
5443
1343
3677
4578
9196
8538
9022
457
5163
7627
8694
1835
7777
4897
3114
5139
4053
5638
89
6619
1449
266
2638
5256
5228
9920
487
9784
5088
3180
8076
4731
6763
1487
8947
1832
6623
1496
9764
4054
5238
1695
5395
6984
6764
8506
2913
5499
9891
4203
6184
9774
7753
6448
5258
8439
5616
3679
4985
535
3553
3054
1315
4860
4515
460
5913
7430
8837
1378
5121
1687
3630
1986
4532
323
2505
363
5198
1161
253
1721
4104
6597
1154
3844
9234
1748
5070
5167
5815
2424
8070
3207
3701
6789
6406
529
1018
270
5475
140
7995
7482
9642
4942
1166
9808
6438
8747
3407
1156
1233
4529
9793
6076
7206
6711
3655
5833
9484
4403
6295
8293
7329
546
3785
9434
5031
3145
4085
3352
7274
5026
7268
4747
3305
1442
5679
5782
5930
3097
9068
7905
3093
4117
50
4038
7780
6707
5931
9415
8650
96
3162
7324
9598
8831
1963
7140
4568
4021
1549
4972
7394
5970
8430
2410
4549
1162
3864
5830
2909
8916
3859
4710
1028
8394
8209
2118
9447
1640
1685
2420
913
5138
6477
4610
9244
7022
7279
6093
9278
3466
9088
8271
9126
6440
9110
8408
5724
6112
4367
206
9652
4373
6029
8123
6684
7542
4005
6054
7217
8050
3832
8334
9983
5353
6961
5069
3678
1482
9633
2243
9216
2451
3653
5355
7688
979
9864
1606
1416
280
3831
8374
2213
2169
692
8594
6269
4861
5561
6952
2260
2550
2797
524
8182
1004
518
4534
4258
5331
8898
7612
1049
8246
4231
9343
1903
5799
9748
8036
9086
7285
6681
4611
8492
4328
6722
340
9012
6910
3044
3759
6973
8565
6316
7794
2043
7889
8757
2585
9073
7070
8636
5004
9788
7755
6766
9849
2531
2784
6379
2804
7690
2818
5423
6636
4327
9775
1794
7825
3811
434
1327
4571
5289
2431
2079
8012
4244
8441
5101
2979
2041
6252
882
8183
6235
4453
6201
5937
7852
6648
7222
6135
2321
3304
4028
5917
1660
3073
175
7764
386
7443
1515
1998
625
1865
5100
3349
5366
4114
1397
1637
3138
2046
5807
1612
8202
9394
1936
2938
7552
2411
9972
1063
9839
7458
8524
6409
5855
8610
9051
5856
8853
2693
3637
8390
7139
3820
6121
2985
8741
3944
4968
5496
2142
196
7727
3049
3219
6785
9275
430
8323
104
5624
8498
6680
8893
341
940
6247
3610
714
3716
6596
3555
6434
9678
9911
5929
3615
9551
6849
724
187
7972
4795
6476
6166
981
3899
2889
2779
6751
7560
312
7516
1307
3205
2651
3424
2175
4452
5432
8561
2254
1491
2521
767
7882
4185
9269
3122
4825
5313
1705
211
7994
4526
4413
3975
667
3974
7113
5500
7298
4169
978
7561
5567
8865
3367
4674
8866
776
1719
5593
1194
4074
8200
5498
6698
5695
8167
8489
3643
3644
5349
7927
6115
4179
559
9063
3437
9925
8693
9819
6061
2320
1328
3617
1644
3325
7712
5028
7496
1146
7770
3781
3482
2031
565
6335
8137
6787
732
3494
6627
8116
3516
6796
4109
2114
5075
3910
793
7016
1273
6367
6976
4423
3609
9222
8631
3365
4975
1939
660
4625
4841
2765
951
1964
3799
8675
8739
4976
8544
7483
137
6776
4523
7134
3816
9912
9603
4898
6635
6083
7783
3663
9159
4206
7717
6128
2568
9827
6074
6194
7886
4335
6990
244
6053
1114
5935
1157
1547
2157
4911
3833
9510
6641
1362
3770
5804
3755
2160
6781
548
7866
8924
2534
5611
359
8161
124
1563
5516
3399
5656
1057
2663
5393
8140
7114
6778
385
7068
4834
4604
8106
4035
4103
1940
1545
8081
5591
1443
7955
4080
3731
5073
4058
3253
9523
8159
3481
6907
454
2360
8226
7079
2725
1810
8148
3189
5635
6889
6941
9160
1181
8659
1394
216
3528
865
2608
6145
1342
7625
328
2706
4696
2643
8034
6538
4243
7313
7987
8273
3980
4983
2808
613
9317
3470
850
4800
4030
5925
2468
7091
5303
6670
3427
170
1067
9098
7811
6143
3661
4079
774
5045
5019
2783
8233
5608
5742
3493
8154
9806
6393
5064
847
7632
5479
7131
6380
217
8199
1755
5223
9042
3409
5977
7319
8668
4778
5698
9910
5478
265
8027
8463
7531
9201
8912
6588
8891
1701
4633
9421
8212
7244
8784
956
1906
3452
9248
2359
3390
1463
7580
5908
553
6756
7172
8715
7481
5286
7108
4440
5482
9060
2879
8815
1316
5010
231
7860
3520
3572
1989
3079
9815
8359
2535
742
8870
9
7544
8261
6758
3863
1993
4986
1289
4553
27
3267
3030
8712
4310
8899
8351
7107
1703
2970
8444
147
7977
4339
106
3347
9338
4426
5875
1064
2140
4055
6244
7809
8098
995
6934
7362
8554
4877
150
2020
6196
3071
4573
8882
6638
5178
3150
8170
5750
7964
8045
2609
8828
1108
5299
5955
7665
568
2873
4197
3752
9654
7433
5773
4640
3076
4195
1888
1078
3414
5983
5950
6288
2271
5130
7902
982
1068
8599
5055
1101
9761
7042
5841
1524
1913
8353
4146
2712
5944
9753
5298
6023
4070
2183
2940
6189
4217
9927
1999
5083
3611
4765
235
8360
7997
7351
3258
9636
9495
198
6946
4100
2170
4303
3147
7689
9738
4947
7288
6192
8392
3561
3453
7569
5797
9118
6719
3717
1943
6090
1132
2336
4140
264
3836
6897
4113
2197
8377
4187
5800
8688
8368
8627
7873
8346
2990
1035
9149
7892
5444
8169
7372
8520
228
3236
6963
8457
64
6672
5090
5832
3007
5268
4448
4712
8075
9017
6923
2604
5693
3021
8725
3694
5995
2070
24
3275
6771
8005
6403
7317
697
1471
2327
7793
6921
7739
4548
8418
436
6544
5202
570
3270
6922
2555
8403
3575
369
5036
1647
6852
6809
7474
446
7027
9676
1489
6668
1817
6350
1139
8743
1168
5539
1757
953
3245
3181
256
500
2960
2552
9666
6618
600
6010
5459
9233
3142
5253
5644
3251
3771
3803
4846
8087
7365
1438
8348
5853
3917
1022
6102
3319
5356
5408
5647
7322
9605
855
1390
388
3478
7815
8361
3769
1831
2587
5701
3689
7300
7073
3524
35
2158
1908
7008
9238
6749
785
2856
3874
2695
1613
8460
1393
1611
7384
6169
6735
582
9950
6989
1177
5471
2603
8405
3212
6951
3966
8817
6893
3464
7887
5592
3468
5614
8421
3860
7146
1244
3968
8504
7397
1126
7606
5308
8156
9463
4580
5009
4456
2045
3178
2519
1180
5097
1751
2835
8013
7436
3969
2181
8632
7209
8833
6344
7901
7840
458
9341
3345
6511
439
1820
1622
3954
1746
6558
1125
1409
7263
7174
2686
6884
8961
6018
1430
6870
7388
6581
7130
4843
5417
8042
3491
7909
73
1034
8239
1584
289
3568
1552
1082
1448
2567
2407
7424
3182
3552
2846
375
2381
7418
3762
6424
4441
7828
7697
6474
2625
5425
2489
3645
8750
5545
7249
4471
7535
9375
5227
2441
412
3465
1460
661
7577
1789
1873
6
319
7033
4612
7775
536
5272
4694
2239
2512
346
858
5460
9302
9173
3761
1011
9475
9559
234
6153
3886
9863
9084
5689
3381
8072
491
6299
5513
9228
3167
342
4875
1617
1519
6967
3091
8229
8708
2884
8117
2858
4464
507
5852
2426
3442
7967
5642
7823
4473
1001
5835
1801
2402
8225
3978
9105
9800
6547
3083
2473
3448
4396
4151
9252
2282
8173
6497
1823
5681
1143
7451
3588
3639
1912
5221
8065
5426
9350
8510
6532
4644
5733
8180
9760
9677
4099
6163
9852
2750
4208
6859
1776
5027
8090
9527
2514
8331
8262
9035
5910
6666
5094
7469
26
4392
9790
3693
9902
3342
9881
2977
6334
1383
1735
2678
3901
4025
8946
4382
8235
9265
8935
1425
1718
6303
9221
6463
4952
396
7119
8989
3635
4015
2582
5667
7965
2672
5980
5628
4401
7735
2537
9014
3278
5207
5222
2085
409
9681
6761
6442
2024
2241
3542
1607
4333
2443
9646
5594
3714
8163
841
32
6082
7151
7360
620
7674
6933
911
768
8558
1962
3740
5590
4744
6536
1894
99
4032
3316
1571
4589
7335
4863
4628
6639
9940
6206
354
5220
9578
98
8397
4655
8223
1031
6481
1495
7935
8428
9466
7662
1880
7435
4469
734
9597
3535
6640
9208
9535
2122
2350
8387
3016
2107
9997
3660
2579
320
9978
8259
4165
6980
3364
6290
8355
5607
8474
2016
7752
8424
6249
1384
1974
3203
647
4384
5396
2904
7385
7699
8502
6824
6068
6376
2379
7459
4364
605
985
986
4637
6214
4881
9991
5293
5636
9644
5834
5673
1631
1673
6726
7847
8860
5943
931
4370
7290
2333
2652
6004
7680
5264
5117
4098
9731
6659
8423
9442
3420
1175
3177
2454
8466
6846
602
779
2703
6080
3161
5769
5486
7466
8996
6780
5416
3440
189
2891
4424
6177
8495
9099
2800
4237
7392
9698
7281
5546
8988
9639
7802
7797
9845
6867
8564
9169
2436
3571
4692
7368
9587
7038
5424
444
3828
8272
23
9374
145
5529
8888
6818
4738
6491
3621
9272
8317
7941
9713
5922
5326
3498
3760
4044
9255
6795
2164
2355
8720
4145
9577
7132
2676
2628
2109
2915
7499
2281
3197
7779
3558
8642
6161
6101
1193
7187
4988
6263
2268
8620
8089
5493
6706
9548
4132
3397
8168
7953
7650
5177
4922
7748
3127
894
6233
4029
1852
5558
4008
2766
9971
990
2103
1759
8206
1486
4207
4721
6993
903
8015
1702
376
5933
8295
8427
2581
4490
4057
9592
237
5756
912
7557
6137
9545
7097
1313
1830
8371
8303
1462
59
4823
4077
1538
4814
5483
3698
5734
9699
930
8237
1973
1879
6081
4684
2981
1033
9450
2975
3650
2860
7609
2272
5179
5294
2030
2895
7463
1293
3814
4063
2401
2229
595
2087
659
3092
77
6739
1731
1265
7241
554
395
8728
4257
6971
5562
1013
43
4859
2542
6886
4201
8759
7718
4725
220
8516
5928
4760
8054
3879
4478
4073
597
8684
1778
1981
9541
1391
367
8409
3029
9352
4263
5275
121
8532
5235
4002
8347
7334
8325
1414
2795
9207
304
2576
5200
5333
188
6277
193
2388
6918
7320
4982
1945
8121
6700
4819
6587
2533
3508
7190
7325
2246
1692
8231
9491
4066
989
1626
4233
6324
955
3361
2089
9000
52
7725
7730
3250
1306
6079
4168
3812
6246
6336
5820
6073
4872
1237
4438
7013
9133
2816
5137
6683
8203
5302
6629
484
1061
5014
1749
2179
5518
1570
9479
558
9153
6924
8638
2855
9179
8134
1264
4595
1353
7986
1812
2038
7095
7441
5540
7212
6877
1272
8623
3408
650
9037
1679
1354
8425
6979
1402
8227
566
2129
3173
9277
2345
2574
7991
1217
6895
8166
6007
9314
4910
4376
9896
7760
869
425
8388
6693
6353
2332
8021
7145
6120
9724
4918
5526
5390
61
7316
2912
5365
5671
1909
8930
8614
6791
9821
426
5273
7865
9461
2452
7416
8651
748
640
3168
9953
2163
8482
5098
9150
4607
7232
5728
1529
5249
8549
551
1309
1636
8071
417
2101
9003
9347
9353
7442
3596
7604
7841
269
3750
9197
7974
7203
4978
862
5451
3170
9534
4142
1054
2361
1697
8288
1062
7962
4857
366
4989
2389
6034
8398
9976
2244
7829
4858
8606
6024
4596
4653
5129
9923
5515
1980
6566
1741
1485
8691
3931
7719
2125
8316
5276
7109
2718
5596
4468
1130
2133
4756
6660
1260
9161
4726
3281
4090
2124
857
2744
6563
4593
3015
207
4205
7918
1047
7488
364
9494
6138
4915
2508
4787
2227
6876
79
3849
6753
4959
5484
8695
5219
7891
8048
7869
7859
8552
3594
2409
9831
856
4661
7034
5932
7393
3682
8957
4305
7527
2646
8435
7251
790
4225
5905
5428
3005
8461
8927
330
5645
146
4699
2727
9850
8016
4084
4130
946
9824
5918
9336
685
5531
5511
204
9016
1136
6562
1699
2400
3890
9998
1240
4955
3846
7731
5805
2206
5208
809
7831
7970
5461
1530
5173
2429
5126
7235
1535
4583
2022
2916
5168
6152
751
6504
3046
6522
3795
9018
7782
7804
2595
5359
7732
2683
1249
1540
353
1724
6807
7101
7085
9668
6673
2351
5405
2035
5367
6223
7030
9630
6009
9300
9273
1042
5629
5327
4641
520
0
1886
1728
9507
223
5585
6578
4701
4412
1979
287
8647
8292
7675
6236
9241
4883
7450
7758
5336
2397
9385
3806
9500
3330
8035
7476
5363
9307
8966
3526
5464
4415
7144
1017
5125
8126
9351
6276
9032
6956
6037
4230
9078
3102
306
2005
511
8772
3597
3355
1922
136
2642
9951
9832
3430
1321
161
6591
9917
427
9599
2344
5337
91
2561
9215
9708
8665
6328
5747
3405
6848
9299
5688
4733
8431
6044
6970
7844
5074
2735
3421
5246
1118
9944
3888
2902
2185
3504
7019
7771
8763
4281
2882
1431
6985
2385
455
8574
224
5151
2240
8101
9621
8454
5880
1661
8749
4211
6349
1472
9170
9432
1077
5187
260
6412
3243
2876
5662
2772
9397
786
7948
9954
5389
1050
1432
36
5716
2650
4697
7017
6108
3187
5284
7309
1918
9862
9879
4320
8602
3830
3667
9316
1374
8731
4642
6664
7142
9539
4648
4462
2618
9683
4240
447
3840
3053
8429
3577
186
6032
7670
1009
2072
6857
1014
1236
5768
6445
8333
7218
8062
3513
8455
3538
2641
9874
623
379
8901
8985
2619
4693
2156
6991
4702
7303
9506
9134
451
5563
612
7075
1551
4120
8542
348
8247
713
7359
4393
6988
5131
4480
9622
238
1526
2939
2762
1106
6096
8147
5155
2011
167
6692
8467
7653
9835
1187
7687
9501
6805
594
3904
5649
2209
717
1167
5278
3522
9471
1819
1032
6447
3366
6002
7461
4096
8473
7613
3642
6649
9846
1124
2002
2502
4851
3070
8698
9476
3607
9339
45
6186
6013
2123
5890
9897
9869
8478
7417
3794
8822
5323
4838
7057
6296
3195
4576
4419
6000
3475
6226
3309
8789
5842
3063
4944
3881
2885
967
6945
7576
1195
6077
1802
7018
646
8922
8490
8004
3530
9853
6227
3681
1429
1713
6008
4204
6603
4531
4677
9505
7631
7257
5942
8699
3715
6307
2553
9406
4729
3019
370
6545
6041
8469
8752
6631
3907
1210
97
4228
7266
2655
1654
8560
8519
6499
7135
9081
8956
8217
9080
7583
8025
7565
2258
1141
5964
7076
3631
365
715
7447
9732
6217
8512
9258
1302
6873
4202
5494
897
2113
302
3768
1127
5508
2021
6087
4511
2732
996
1771
8194
3455
540
498
4855
3387
8628
3252
6744
9718
8315
8706
1094
2029
9496
9909
7327
4164
2998
9328
8501
6437
5717
8832
8404
9895
4728
8736
719
6837
8795
1834
2899
85
7899
2806
9119
9861
3139
4346
1291
4345
9810
4735
290
6885
4387
8277
3199
6835
7784
4148
3928
4072
893
7472
693
8365
5226
9454
721
1387
7512
5903
567
4001
905
5810
4238
7227
6051
6097
1257
4818
4869
8814
6231
2214
9716
5283
8861
4831
8963
9315
8382
9288
5260
7184
1815
6200
9093
1381
3722
4717
1219
935
371
4388
3261
6084
3676
8854
6714
1184
5091
8102
8300
4894
3443
5007
6815
1992
7382
7386
3664
7422
618
2573
3117
9918
3629
1568
6256
1071
6727
9284
7354
679
1579
8943
8401
7729
2637
8415
4314
5871
4199
6426
8249
1087
8001
3659
7264
1855
5887
3227
6831
7446
2348
3939
5504
7837
8019
9458
3040
5532
1843
2311
2640
2945
2813
3056
9396
7711
8529
5058
9456
1821
3235
2126
5543
4359
3945
5288
2337
5040
1618
8362
3747
4698
3509
1401
5453
6312
4547
5739
6014
4065
1537
9557
5714
1445
1768
4903
4629
3657
9690
384
7116
7338
7937
6095
6820
3495
3268
6865
5891
9030
8033
1133
1366
2830
2696
4306
489
8291
1441
1341
8786
4023
7781
637
8804
2064
2253
8595
1030
6551
8522
1318
2186
8987
6786
4618
6938
2948
1726
7230
333
9979
3111
1804
1254
2892
6523
9220
8998
1898
6415
248
2896
5185
6602
3710
6525
424
3415
3417
8056
8193
3375
9883
3238
8265
445
1015
6272
1173
8598
6548
3567
6187
9457
3283
7367
7701
6915
723
7622
274
2224
2116
9246
9408
2664
9469
9873
708
3872
4899
3124
6496
7538
8017
5684
8092
8581
7839
2881
5597
2455
3027
2532
1901
2610
5509
9046
1931
5571
368
8307
2073
2448
3099
6878
2182
1060
1310
8208
8908
1553
8669
2665
950
4502
9235
3753
8701
8616
1150
9888
6070
3198
1578
3401
3314
7189
888
5035
1927
1263
4313
5894
6914
630
4996
9745
3416
3547
8318
5160
3920
5888
5194
6570
1458
6262
6542
5949
4442
2629
3989
3902
1591
3456
2014
7707
5971
9455
4089
6572
8306
9936
8612
569
4112
5570
8322
3300
1165
1040
6842
9878
5456
2933
8063
1450
2874
7922
3704
616
4124
7798
5989
1348
3838
5975
7754
7848
7703
1447
4236
5354
3845
225
7377
2798
2526
8003
7428
3068
7403
5119
5152
9536
8571
6091
7308
9961
7855
1792
5334
9082
9549
3839
6092
4380
5806
7179
9467
5051
5038
7297
738
308
8281
7477
744
7001
9440
2130
6661
632
2584
183
2951
9695
9323
9890
2936
4904
4830
1969
5116
9425
2918
1948
9650
1019
9913
8527
7260
6732
4003
1559
9711
405
5213
5803
433
9344
2711
4248
2866
9264
383
7081
1453
5480
4562
7547
1574
3441
6768
9705
1234
4741
8364
6814
815
7928
7594
8838
2953
718
3473
3357
9200
4013
7345
2367
8319
655
4847
7176
2907
1
7342
3654
421
6089
4917
7044
9369
2488
5054
9107
5845
8852
3213
9956
5646
4806
7444
9733
1492
1840
1720
654
1117
5959
638
1350
5757
6284
7861
4813
4543
8204
4946
3233
8278
4558
6392
5239
6022
7301
3500
1811
6742
6489
1862
1405
7571
4288
1098
2793
2296
6834
6827
6372
3322
7152
7210
5447
9994
2869
3573
2111
5162
414
4154
5211
7220
904
4943
344
7293
486
643
3009
534
9509
4449
2028
5325
9943
3923
4577
3395
8084
8939
5195
7641
629
7921
5068
9901
5012
7598
4405
8840
4127
7429
9213
9413
1508
5360
4039
3393
1627
1332
5957
9106
358
3515
1056
4901
5410
1323
4435
449
5622
6582
6064
400
1025
8535
4192
9932
770
2484
176
7344
6131
7040
9616
5915
1095
9719
9044
131
5666
3721
9163
522
2575
7373
2330
5652
5419
2483
7508
6326
7853
3159
9145
9048
9841
813
2465
3579
5683
2491
1080
8702
2850
6943
5598
2837
5059
403
3382
3094
6974
1207
4716
2503
2906
1363
3802
3580
2569
1960
6063
8770
527
3918
9848
3148
8887
51
4153
4631
9750
2864
3041
983
6928
9125
6743
4953
2636
5777
9361
9498
9356
9309
2500
8443
1997
4496
309
1656
1191
7484
6043
2738
3433
3581
4009
4086
2188
3332
1131
7358
2194
887
7088
7069
4751
5123
1739
2880
4143
2599
666
4317
6480
3964
9232
9076
1949
8970
762
1218
1925
5907
1404
7800
9390
3472
9570
6259
3787
803
4673
3809
3592
8959
6460
6505
4411
5792
8184
4406
2322
8934
6140
9567
2773
1355
413
1281
9402
8055
8588
3896
8407
5823
4069
6241
4095
2075
6006
2657
4753
7391
7054
2520
5813
2152
8378
4647
8869
7347
4998
1534
3632
7926
7554
9553
2563
7090
357
4967
6282
7439
7399
9720
6285
3060
9156
826
9154
6399
7623
4177
9349
6383
477
8657
1347
3562
4219
5906
3957
2831
607
3935
1506
2412
2986
3850
3121
3748
5568
297
2305
8104
747
4764
2853
3873
6466
7339
9667
2278
6737
9996
5775
9091
1493
818
8709
9671
3185
6613
8150
8375
3791
5061
4844
530
2698
4907
1641
2417
6356
799
4492
7229
3534
483
2705
5243
3942
8976
3915
3273
7982
4536
2723
4463
6826
1051
2078
62
6046
3582
9836
3821
2198
5114
9571
4407
5086
4925
6949
7530
2659
7104
9194
4569
9503
2301
7513
9999
8269
689
4285
4518
6239
8240
5708
68
8181
834
8716
9787
2464
5234
1466
4919
6287
3867
3757
7956
6503
1736
1853
1283
5557
9715
442
1904
816
1225
9584
6645
7998
5746
962
705
203
901
2717
173
4076
4866
725
2341
1942
5120
3697
8798
6342
1793
1629
8920
5538
6033
4101
2304
7361
3351
5740
1525
7272
9210
3074
8312
7946
9783
5247
2660
9303
8051
4926
9610
6748
5761
3897
2313
2506
7878
7587
4900
3729
8703
6199
5521
3591
1227
5096
178
4763
3496
420
6052
7903
2578
2387
7296
1828
6593
3634
1907
9242
5751
8114
3398
4279
1890
898
1044
4954
6850
5020
5873
8774
8539
4093
8513
6841
4775
5001
5510
671
5755
8112
8153
5536
1103
755
1891
4361
1671
288
2862
4809
9735
7740
9285
4624
4486
5966
7380
3222
5324
9372
5528
2187
4465
1915
8207
7267
9626
4540
2062
5351
3813
6793
3525
6428
1683
6248
6106
6065
3692
3400
326
8761
8370
6868
6721
6258
6516
2250
6860
9609
8895
7990
6321
4134
2645
906
7979
8399
7332
8442
4746
9346
8175
7258
9377
8872
8764
116
7553
6495
8856
4862
9257
3438
8302
7123
6274
6407
4051
5612
5242
7009
1761
924
1296
8487
3224
9576
7455
7383
4115
2317
4856
8537
1179
4150
8700
7692
4687
2392
109
945
9146
6832
6015
8485
4937
2890
3018
345
8533
1773
1928
8263
8002
556
9004
408
7162
3348
6830
5610
4174
6720
2675
1623
7917
6813
1803
7311
2721
2482
2027
9838
2279
3184
7110
9143
6708
2648
4745
9281
9287
1473
4873
8670
9276
4895
1369
9444
3418
7414
6929
1543
7129
9905
5346
57
9842
5883
9756
5941
2071
7930
1849
1846
7440
3705
1518
6113
919
285
11
6896
8110
8730
2689
6414
5618
9436
4700
6530
3008
805
4965
3096
9155
2687
7600
4623
8285
781
1781
1786
4708
8974
3735
3891
1727
1975
3215
7353
291
2875
9092
1916
788
5639
2968
7617
4176
8131
6774
3743
2295
243
7120
1137
8754
4500
5965
8687
6691
282
2457
1155
2949
7563
2775
3410
293
648
6494
2318
9482
7743
9968
3190
2236
4183
6709
9777
2539
9174
7644
547
4091
113
5481
2760
4805
2493
728
2329
7796
6391
6341
2934
6216
4541
9418
6401
7898
3737
766
6464
1839
5296
9327
7713
3327
6400
5056
6322
688
1971
6119
374
164
6642
3979
8256
3028
2774
1269
8656
5690
6755
4311
5787
7497
479
7528
3628
6317
8372
6422
8601
7659
9115
5469
6964
8252
3396
7722
2577
8877
7117
9283
1221
7083
5704
6810
3941
8566
2469
4669
9980
5345
144
2530
6856
8260
5534
3996
9056
9970
5085
598
3559
81
1678
3952
4460
232
4144
808
125
1231
3191
356
4126
1564
7541
8589
5808
8783
6565
1410
7589
428
4160
672
9033
9886
6695
9692
1251
7261
8115
1799
6433
2593
8855
1580
1408
9780
4666
7128
1882
8573
6526
4417
1461
2207
4817
1620
2128
1379
2740
8745
2501
6754
7585
3050
6981
5631
9574
1479
3804
3339
2215
5713
6472
7896
1413
590
5953
5409
3773
900
1592
2958
7283
7182
9674
8018
8144
2144
5699
259
2413
4977
9511
3536
3711
7060
1435
6103
7456
1615
3741
8136
1527
9655
9589
8844
7369
1459
6302
3855
4722
402
3297
2984
4902
561
5269
4108
5347
9040
4718
87
6689
2591
2921
792
795
7398
7791
404
7464
3058
4222
9202
4414
3706
6646
2929
7885
2174
9132
952
7452
8350
8447
2314
9786
5749
954
4794
6912
6783
118
1138
6019
9123
5868
7405
8576
5634
3680
4879
5344
2442
519
9948
1556
938
1312
101
5934
3423
2845
1213
1160
8810
1135
4740
6653
6202
1145
2751
6279
349
3458
5870
5092
2399
6374
7759
5819
2926
6402
8149
8243
1204
1597
2691
2653
3862
254
8120
4316
1229
2871
7504
83
4482
1003
3726
9771
7551
5663
6292
4349
4739
6926
9480
9059
8503
9975
2217
2471
8903
4315
9962
4050
7666
3512
3260
8637
3946
863
4329
5465
2432
3337
4962
7294
5879
3880
5551
2001
1734
3601
9230
7053
5517
8820
4924
9957
5744
5659
120
4510
8321
4235
9931
7536
3225
6549
2964
7808
6838
195
2269
6086
1610
215
1517
213
2861
9324
557
636
7836
7863
8605
2104
8842
1505
4484
2810
7000
6954
4780
3333
9111
2513
4429
3912
8155
317
6728
8583
4443
9656
7413
8330
6483
8329
949
9617
3598
6185
3827
7086
6630
4139
3563
4141
3686
3232
8198
205
393
6745
5259
2546
8794
6632
934
7820
2764
8014
6228
1599
2525
3048
9579
9364
9395
4410
3517
2259
9121
7614
5305
8298
294
4681
4499
5840
1048
615
9519
8343
33
3502
2681
6124
9884
832
8486
3971
9166
5874
5107
5914
7087
9813
7649
2362
9767
5783
239
521
680
821
4951
8458
5938
4136
1573
5024
3313
2708
6733
3160
93
849
3889
3274
2267
1511
3413
4078
5758
859
7626
5210
399
9109
746
9102
2935
5553
9191
6656
2993
18
2139
1333
6040
881
3583
801
8340
2914
5706
5427
7813
8864
1053
9141
3026
3172
6579
8971
249
5446
3749
4864
8681
8354
5866
4227
5391
2867
7032
9100
5065
541
1075
5300
5404
980
5587
2081
2967
8480
9857
2325
4383
9183
1185
8603
9360
7954
6257
5860
3507
6098
9062
8591
3997
7346
939
1206
2287
1691
8074
6165
9583
1200
988
6614
3120
5383
7525
4110
8172
508
611
210
8476
5960
8587
2849
303
9829
5170
9175
3036
1045
1520
1400
1516
9332
2342
3550
3638
9239
1088
4994
5582
1710
6528
4014
1247
543
9005
9743
9619
9240
4338
7420
653
6190
4771
6142
6221
8653
9171
6205
2298
9612
8477
8491
9651
4430
6552
820
4521
5784
5926
3262
6333
3620
4833
973
5825
4615
2829
5648
9280
5920
5732
8881
830
7940
2391
8841
490
6265
8580
8547
5615
7199
7330
3648
305
5861
3237
6699
7514
222
6134
1046
3384
6560
3194
3072
1589
1360
1300
6633
1246
2580
8066
5580
2943
9045
3720
4734
6047
7252
9785
3529
4908
8876
3459
5897
7685
240
4807
586
8674
5992
327
3569
4083
9180
3868
7509
283
71
1280
864
1565
1680
75
4544
4754
9270
8230
5079
6318
9859
9310
2627
545
9520
6116
902
860
3359
9329
3887
5078
1151
8228
5798
9311
6027
5664
7960
6066
2326
9967
3947
8320
229
7408
8981
644
8438
482
6992
9618
2930
1655
8911
2013
1711
3984
3082
6056
5675
9083
4056
2237
8188
8426
9858
6665
8363
1451
4018
571
5279
2007
8445
1288
2383
7763
9226
5506
5174
7870
8607
30
3012
202
9706
8907
8851
9224
2903
9518
6875
8135
3392
3818
6908
3490
6906
2105
7269
6319
8210
1507
7916
219
3136
1423
5651
2787
1502
9768
5387
7603
5548
7404
4507
8830
2626
7819
6882
8545
4906
9721
295
1358
7788
31
4293
846
1275
8214
7355
4011
3031
3218
9441
4398
5530
2095
6779
852
418
2496
5796
7884
8640
6454
3782
9199
9427
1630
2312
2356
7676
34
4695
5882
6055
3619
9470
443
6769
2358
2008
5952
7907
3672
712
5817
3930
7806
2910
6911
6378
6176
372
9877
3883
8242
1475
5720
7728
5445
7432
2956
4330
1021
4210
4798
4010
6114
4273
9345
5095
6484
7721
4350
4368
5374
6880
7950
8885
1966
6953
9274
8395
7478
1996
8777
5285
8824
6182
587
639
775
7475
4427
2467
29
2472
2586
2565
4987
6625
8821
4905
5072
3457
9904
3847
5862
8900
1090
3623
5552
2208
8143
1659
7522
2485
5232
878
2266
1340
4680
6351
1816
4608
339
2230
8661
9279
2416
8894
9564
6710
6404
9261
1744
4617
3394
5655
606
3022
6883
7468
8389
2390
148
1900
9955
9178
9673
4253
552
8379
4294
2729
2612
1169
1069
5181
6167
1399
9172
2161
1689
4186
5858
8909
467
7204
7002
9212
5997
8960
6718
7520
7124
8915
2959
7714
5877
8666
8570
3510
209
4767
8791
8470
800
2404
4769
7286
2560
2789
7768
2396
1085
3825
7618
9429
7888
3685
1427
6607
86
9641
7736
8187
6615
614
8450
7656
5330
1725
6104
3539
6746
7103
7942
7947
5802
8160
2172
3406
8917
112
6416
5657
6493
7248
1648
453
2901
389
8807
5166
9984
9131
4325
9558
8621
4713
9185
8380
5218
9513
6736
7454
2898
5577
122
9855
3485
3432
9949
3240
6396
2306
2297
5821
2406
6966
5682
6996
2138
6894
4342
9703
3869
4506
4999
4957
5839
3051
475
5718
5520
7993
5216
6658
6059
8625
8696
8805
5604
2509
3206
9243
9736
7984
3318
5407
4533
7599
9517
2702
2728
8141
757
4715
3109
9439
9799
6840
7237
1808
8944
6512
1688
1614
3055
960
461
9367
2776
1787
70
5401
4651
2323
2516
6872
7575
9628
2098
2547
6373
3604
7315
2778
165
6110
8808
3402
5182
1747
8393
139
1074
6617
8737
8879
8080
1189
9702
1723
2475
4087
1944
9757
7236
67
3805
3627
4827
2264
3523
2202
2992
5144
8634
3282
585
7737
103
9899
9187
2299
8059
6901
2238
627
603
2613
4102
2709
6453
2746
4491
8729
8127
2518
1972
21
890
7307
3602
9725
1601
6557
1084
8043
691
9483
1500
275
2809
7857
9796
5281
8639
22
829
895
2273
296
1149
3948
3404
5145
4221
7098
1481
263
325
8906
6154
4334
8548
9313
515
2141
1910
3739
2972
2365
1016
9388
2283
1334
8309
5043
5320
3981
943
8195
923
8128
9803
7275
7795
8829
2872
2154
8011
6775
2647
8448
6172
4043
6238
5292
6583
837
7615
929
2421
1682
2827
4829
4280
4274
8218
5678
6191
2211
6677
3640
4585
301
1586
4390
701
4997
6036
7163
9627
392
6529
884
2470
7923
3431
1428
3532
318
6667
300
9486
2922
9010
6361
2251
3032
5060
494
4803
5836
4369
8635
2631
7379
3311
907
7219
4062
1959
4319
8755
7723
5361
7350
2757
255
3683
7323
7540
2343
6521
769
8097
7776
4626
6352
6436
9747
1577
4156
6250
7533
7094
6183
221
4621
3154
5854
2255
4537
2887
8472
3599
6180
1764
9653
2796
6561
334
5826
6887
8827
3938
4535
4820
7150
360
772
5005
4854
5254
684
1567
4081
7375
2821
1436
3783
9974
5522
2184
5898
3574
1674
579
4752
4811
2476
2247
2564
9326
6955
1914
5206
6100
1278
7568
9366
7975
7170
5057
7545
5153
1662
8926
5157
675
3990
7406
3963
7702
2726
2466
394
4458
5215
9478
1490
3775
3998
817
5828
5006
6133
6811
1977
1765
3329
1988
9398
4889
4255
8032
5982
2403
5397
9585
9181
4958
6862
1657
1722
1675
3707
5719
4242
168
2742
8630
5867
8845
6423
6517
812
8345
152
1590
3376
174
7734
141
4042
5106
2398
5039
1546
992
8517
7173
7021
3135
7066
2971
4575
7401
6181
3370
7148
6800
1176
5691
740
7978
5000
7407
1498
4509
3909
4836
3959
5979
5362
4630
7980
1870
7951
2048
3248
2931
523
965
7842
2173
3247
7493
4508
1887
7838
7306
3501
9903
337
5668
5455
4264
5865
3075
53
7992
5310
8622
8338
9481
7534
1920
9840
6888
66
7816
218
5434
3308
179
7633
9229
921
6968
1385
1557
5973
9606
5165
7996
3108
2731
3179
9013
8030
9182
4178
5778
2941
5816
2719
1693
6803
8732
3106
1470
4182
3363
8624
2794
2763
4358
9002
3388
7412
1010
5535
3924
5812
8543
8111
844
7546
796
7410
7127
7198
7280
6237
6531
6478
2996
28
5156
9749
9387
2838
5729
111
7448
1183
9069
8436
3815
311
9066
2082
2624
9186
6975
5193
4173
4804
9268
517
6808
6283
1497
1023
6057
1123
7805
5831
8251
2523
3462
3360
635
6243
8139
90
1478
7511
2730
6357
7620
868
2713
8174
1558
4645
875
7968
2551
2769
4528
242
7270
8432
1838
3229
2937
2911
6752
5633
505
2859
4705
4762
8586
277
1709
7864
1854
5617
5711
8286
7181
9986
6724
1140
4052
4822
2748
5463
1858
8531
3871
5811
6702
1544
703
4932
7
3214
4129
2276
382
7191
2277
6305
8836
1212
7983
6156
6028
4723
8093
9151
1954
6986
3003
4779
38
4019
2878
2004
4261
4616
6535
7465
7336
6267
355
4487
7592
8555
1171
3257
2978
9392
2982
7284
756
7799
1268
4220
1027
564
2445
3684
5225
3730
1536
5632
9386
5923
8336
3843
481
5702
6940
132
2034
9129
5948
1159
2755
9007
2263
5665
463
6983
3169
7628
710
9906
4970
2965
4324
1100
6843
9697
9664
8796
9304
5996
5851
5063
3703
7423
4466
4024
3916
2815
9525
7340
8992
3675
3331
3772
3095
3354
2570
3589
4241
7185
5338
88
7691
6909
4551
7810
3746
9074
1243
1676
7028
664
6467
9034
2265
8279
3062
4560
5108
313
4234
4772
5140
5774
2316
794
927
5574
5110
5565
9271
7639
4652
2558
6959
4913
2905
268
7818
8100
1700
5118
7741
3608
5788
1861
472
4434
2171
9802
6078
3146
4377
8979
9071
8713
5388
2854
6663
6622
7265
1924
8928
6320
7460
3724
8471
9532
1934
1037
668
5267
8224
4748
6281
7588
4251
6225
1952
5710
7239
765
9011
3549
1262
2950
3725
160
8534
5023
9358
7684
8073
9856
1958
464
1788
2848
1364
9401
1097
2704
298
4245
5429
2812
5991
2649
9560
4488
3157
227
1864
1572
5588
5857
1628
2841
8857
4034
8582
4555
4613
1331
133
5786
7278
94
9759
3085
9282
4123
9407
6584
2136
1876
5958
583
3125
4636
2032
2736
6111
8416
7912
1121
3937
5454
9097
2212
4606
2036
7559
378
3149
5677
7679
3671
5985
6348
1255
987
5564
6571
3335
9963
8551
2807
9359
6817
8289
4758
4082
7943
1005
3183
7957
3244
4704
8165
2786
4552
3943
5241
1951
6592
6273
9544
499
8921
1605
7052
8010
7487
8790
2479
6421
8958
1222
563
959
5250
163
9058
6179
9554
9604
7849
9565
9378
7510
7426
2458
8722
5017
5793
1953
8751
3695
1643
1276
2242
9744
1421
6601
4929
4582
7519
3118
2954
4402
4871
4497
702
2851
7634
4757
4170
4481
6209
1827
5687
2460
8785
6234
9497
2616
4389
1895
6580
4891
316
3822
8341
2788
1587
5375
9516
273
4672
9424
1324
8047
7704
628
544
3972
6331
656
4198
994
5340
3200
2108
7744
1093
6567
7037
3047
5978
5172
9321
4561
4703
9043
9095
488
4592
2393
7507
8948
4111
3766
8613
9854
9844
4777
42
2966
1205
2354
4706
1772
2477
4966
8412
5257
4679
4880
44
6801
2006
8892
3665
2771
8530
7629
8793
5972
5430
5609
9410
4971
1196
7273
9383
3556
6647
6280
6297
824
9291
7046
2191
4272
6854
2019
279
8756
3069
782
6286
1893
3985
2737
4539
4360
9384
807
230
9876
7931
8196
9437
5641
7867
9009
3294
480
9079
8067
3113
1188
7693
6069
8690
1782
9581
730
5619
4180
6088
9921
5319
6188
631
7211
2223
1477
4266
4408
3038
5843
7767
7177
2195
2548
5314
78
4209
2973
7036
9320
9807
3110
3666
41
7564
46
4588
9423
9412
6598
1857
8592
1303
1826
1380
6193
5093
6492
3489
208
6155
4658
6148
7180
7096
3171
9296
8973
2819
2091
377
3977
9797
7201
2377
617
8950
8283
886
7055
3993
696
8000
6777
4268
7761
5468
4574
1351
5600
1392
1059
6278
6127
8039
4007
3447
3065
9820
3163
3209
6144
5008
997
8020
347
8419
5794
9739
1668
1008
194
9689
3474
9687
74
9660
9770
7822
8550
4664
3263
5377
4960
2419
2790
278
8940
3288
1905
4128
6543
2734
5951
4157
2102
7062
199
7595
7289
3307
4059
4505
9634
8219
8508
7858
2373
8765
4828
7005
4027
503
6471
4635
6264
9247
7593
2792
3614
2654
9632
7988
9561
5844
1576
123
5328
1072
1311
2562
5637
8951
8902
4720
6204
7041
2817
5271
5184
3280
8518
6704
885
9039
2754
6122
4061
3492
649
2408
7880
5433
156
593
3350
2106
1107
5859
2928
6847
6568
5437
5987
3499
2668
5149
2331
2364
1542
4347
3900
9791
3098
7747
5470
13
8299
7834
4719
1984
6242
5030
4654
1192
1474
5099
1020
3751
3001
1892
8719
970
941
2870
6294
6443
5230
5801
9493
9128
3866
4366
9419
3789
8766
1494
3727
1452
4512
8575
599
3059
8965
7506
8152
4759
7276
4304
3584
5986
7521
9420
8562
7314
5132
1412
6643
1581
72
2490
7871
1129
7911
7356
6694
6197
5837
5477
6590
143
4791
6425
4461
7762
5850
6957
674
4597
3228
3077
9893
5287
9473
6126
6229
3377
6655
4097
1290
49
5727
9152
3976
212
5752
5050
5575
3656
8142
7682
5685
5947
4353
8871
6671
5669
9157
117
4884
1806
8541
4121
9026
4916
4816
3545
3603
2368
8082
4190
2541
3606
7376
2135
5180
1226
917
6431
468
3837
8220
867
3158
5148
9926
3723
5741
6420
3133
6149
8151
8215
1733
5441
9449
3140
7890
127
9795
119
2055
810
7389
1752
5274
3323
651
9168
1621
3143
2132
8138
3211
3101
4125
6688
1070
4755
5525
2053
3358
514
2042
5290
3287
2739
8862
9020
8883
2052
6874
8479
5339
1841
7500
5414
3217
3204
9426
8775
3548
6890
3488
7667
251
1822
729
7254
7966
8608
1368
1038
9508
1367
6418
1253
2492
4981
3454
9331
4472
1923
6669
5103
4223
4885
8933
963
3884
5578
4542
1295
7932
1646
8710
9538
3652
3817
7949
6788
8376
9988
3279
2347
8488
974
5495
5448
7467
4155
662
8296
2897
6585
7363
1754
9591
3987
9624
4878
2722
1329
7630
5848
1113
7574
9758
819
2822
2715
5044
9023
2607
4584
4923
7824
3128
5104
957
6675
9566
8782
8776
4365
6644
1377
532
9176
1395
6891
6085
9779
2439
6050
4503
1335
6899
780
9391
5700
7121
6972
1041
9428
8119
8028
3776
3166
5696
783
6939
5037
8383
9389
2248
6375
9460
4896
9714
8245
3950
7572
6479
8493
9814
589
2418
9376
5342
5158
5892
5081
9812
3463
3578
5076
9729
2284
5295
1406
4172
5003
1256
5067
6564
4309
5136
9645
8023
2997
7843
3131
6465
736
8742
8130
2697
201
7833
284
3371
2094
2423
3484
7539
8683
3039
7845
2481
8310
422
874
3385
7165
6129
7883
4355
1322
8904
1871
8707
5900
5392
2868
4379
2923
1990
1783
4372
2536
6094
7445
2883
4557
3289
9263
8342
6382
7548
6360
307
5252
2504
9860
2131
4239
8499
6211
5251
686
9203
5863
7698
2644
7473
1102
7608
3958
6203
3673
7792
3320
1877
5924
5916
4450
677
1007
6982
876
3372
720
1600
4
4605
7897
8726
4321
1813
4337
9594
678
1245
6218
5406
4394
4572
9662
533
267
7868
8022
6605
2947
6554
1665
9966
8257
5032
6930
8044
4676
743
9452
2017
10
1043
6261
431
7015
8057
7065
423
1805
4867
1339
2060
3312
2449
6502
854
6705
6212
7242
4194
7048
2946
9430
2749
2605
3192
2556
2801
3089
5893
8105
9537
2225
9556
5186
4489
5312
9148
3444
645
2474
7431
3546
5961
3792
1712
3306
3344
3061
6449
6487
3876
7908
8400
4092
7064
1625
1616
1970
7105
8721
8954
7501
3878
5
6123
9184
3176
4012
8858
4786
5236
8083
716
429
3483
5371
9502
6232
7321
8967
7349
877
3970
5674
7102
2059
2433
8052
8290
9778
4212
733
5189
8663
8238
1790
2559
4964
9325
1670
7161
4727
8953
5399
478
6315
9526
7985
4639
6916
8514
9543
8919
7786
153
920
1672
9524
1863
5127
5559
581
3461
4071
6168
9290
1261
2293
6026
932
6289
7529
3835
7106
3299
155
9368
6652
3
5864
6833
8578
7213
4049
8459
5544
578
3992
3435
4291
5473
5231
9596
169
6198
5789
4467
2162
3341
1796
4283
6150
1785
3919
9209
5047
7532
836
5776
432
891
3908
8913
9755
5876
1006
6575
7003
6879
1774
2572
4348
9363
9167
2415
4290
7348
5583
3373
3906
1258
922
771
9781
9218
1091
6451
1202
5731
1052
1039
5033
1446
8779
8600
7012
1178
4277
5343
8108
2216
9403
9766
3037
8124
4774
5467
3709
5555
1079
1144
1533
7378
4743
4768
7115
496
2785
1867
2622
9717
7862
3857
9696
5954
5697
7200
9055
8326
2369
4995
3144
2257
4289
7143
7681
5318
2700
5771
5265
9588
2375
619
9680
4689
1437
3913
2066
9130
8079
7637
1532
8366
1270
4892
1957
2716
4686
2743
9253
1182
4252
9177
419
3193
6650
3266
2679
2634
641
8536
2952
2894
7194
6291
7080
9701
4930
4278
1869
1609
4671
4737
5824
272
5066
8122
4598
343
910
2684
1582
6270
5369
6473
6790
3991
1308
3326
8475
1639
4662
604
4475
5994
8305
1950
9411
1715
4525
4632
8297
3895
9938
7558
2995
4668
4213
575
5134
3476
842
2405
4000
1238
741
8733
9038
3537
8267
9552
5400
2232
1352
2252
9094
9746
1457
6313
2245
5109
7695
3702
3374
5046
25
4166
5192
7881
8197
7025
3914
1119
2761
9443
2235
4792
2145
707
8410
8986
6730
8643
1985
3851
1286
5625
6569
2037
4064
8609
9147
8553
7312
6363
4432
8868
8677
7160
3064
1938
8179
9663
3429
7503
7640
12
5329
9465
6717
3933
1115
7331
8910
4992
4352
9333
4963
1859
8826
8178
6130
7188
4936
6245
1947
5791
7765
1147
9195
5993
3356
7271
233
6397
8221
4416
1885
1994
2178
9959
9219
5304
8932
3565
899
7175
7084
4284
497
4815
6676
5335
9643
3647
9607
9614
4214
5245
493
4444
9354
7518
6377
2165
2770
2291
1142
2302
2112
4948
4119
584
6310
1439
8192
9474
9438
2661
2670
8936
4842
3165
9740
2453
8109
8528
2852
466
8597
6178
608
4270
3446
2805
151
7875
958
1111
7421
2803
5795
7655
8058
2459
6864
5927
9521
657
4149
4514
4785
7945
9531
410
1172
5435
2447
6506
2438
8465
2427
8314
6136
1012
2146
3892
3531
271
6395
7643
1833
7566
9704
5315
8590
1325
6576
6534
1522
1987
1104
2110
835
8146
3129
5413
6268
9054
2557
1292
8236
4282
5829
3223
6240
4131
8801
8577
4513
4428
764
2220
840
9047
9142
1550
2275
6455
1440
3712
5621
9969
1632
8411
1509
1086
7582
1651
8232
5735
5421
853
8029
1763
2497
1389
126
2204
7959
1667
8349
1531
8982
933
8778
3338
2669
6461
6364
9882
6836
8270
7581
8802
9952
9691
918
4075
5422
3017
7425
9462
3778
9104
6969
8846
2
2974
197
7434
6301
2857
1851
2944
3020
9546
2148
2456
4938
3174
2203
6958
9892
9024
6858
6725
3271
7490
4945
4788
108
492
5438
2511
7371
1878
6799
5881
1513
2446
4940
7093
9267
6195
350
8301
8091
528
6541
2372
3439
7989
3566
676
5650
1081
4520
4397
9231
3353
4927
9573
1055
4107
825
3518
610
3503
5602
2199
1420
9006
5381
2040
1929
3066
6828
1418
8980
1926
8086
5358
7573
3265
8094
3823
870
2147
4853
5692
2086
5122
105
7470
6075
8641
9867
3557
2528
2826
2440
9868
1164
4275
6902
6500
8452
8964
1024
2955
5255
3389
2274
115
6430
3226
6347
2394
9445
8724
2300
1588
2677
3856
4031
843
5533
1248
5382
6001
7387
3052
5025
3104
966
3130
4845
3292
5142
1510
4433
7479
4224
4391
9611
6159
7043
1633
5736
879
4020
4656
4036
7958
3934
8313
8396
4046
6998
5754
5945
8484
2056
9405
5613
7159
4934
9135
7111
9804
4603
3080
3929
2319
3186
9433
6917
5780
3797
3343
2963
6855
7225
5723
5505
6965
4381
6772
1110
9254
1978
9049
6343
5579
4332
6427
3586
6146
3175
7746
7726
591
5201
2150
1562
6729
9305
634
7832
6220
1330
8464
5197
3858
6734
2753
8186
7166
9308
6021
8417
7067
474
6141
8328
9453
6398
3898
2063
8686
8649
4874
3303
8009
3926
6020
5372
1468
6515
2226
2307
7402
6626
8667
3544
2000
4454
9818
6219
6255
5601
9334
2606
4634
7906
750
2865
2285
7661
1467
6612
2925
2196
5205
5730
5901
3936
9723
8356
3255
6338
3107
8038
7616
2121
5988
4665
9112
7292
6490
3285
6514
682
8211
8567
2292
1596
4921
8031
4386
8799
2339
6031
9342
2961
6457
3141
9422
8373
8800
3115
9834
4298
8107
9192
9379
670
4667
5190
9365
9915
5376
5301
9675
6927
7769
562
7020
8825
1594
3259
6960
2886
192
4354
6713
9373
4567
6609
539
7925
1488
2155
7645
9941
8339
8925
5420
6513
6987
3587
20
7438
2611
6825
4893
1356
7045
7601
4517
9250
8254
4609
5660
2384
8994
9122
3221
6559
9981
5779
3151
3383
1937
2877
6039
7550
5790
6038
777
1917
8685
4493
8769
8177
7874
3087
2720
7894
4247
7011
2270
8282
797
3422
1298
4457
6498
574
3425
8369
694
6329
2422
7505
6384
3852
9312
6703
9919
6109
8385
6770
4226
130
8078
1338
4307
7427
135
1476
2674
6132
3119
3276
6366
848
226
1548
8125
5029
8468
8327
9435
5919
4564
6035
2308
2600
4802
4566
2495
6158
361
8711
5462
7396
2694
7872
7596
9722
2168
8809
2908
2425
8337
3687
9934
1153
7245
6441
390
1274
5171
1417
7537
4048
3386
6540
5052
411
8676
4711
1932
8563
8735
2635
4494
9871
8497
3011
5670
1824
7247
2994
538
7221
1897
9989
7961
9782
8806
3086
3633
5904
711
2843
9602
9206
9114
3249
3790
2069
55
4138
6230
6610
4118
9292
8250
9188
4420
1065
7787
7709
7683
8264
2814
6999
8886
1681
5244
4436
1750
2200
9340
7337
9707
5332
6829
2597
3391
9865
8671
4340
7366
763
8434
7302
4888
1134
2682
5974
5878
3010
1603
7147
5164
4287
4882
6925
6845
9615
190
2781
6254
4581
6546
531
9964
8584
9522
5196
727
8176
6687
3239
8234
7502
6524
4336
2666
9113
2382
9937
